image: /home/nvidia/catkin_ws/src/kamerider_navigation/maps/2019robocupmap2.pgm
resolution: 0.050000
origin: [-12.200000, -12.200000, 0.000000]
negate: 0
occupied_thresh: 0.65
free_thresh: 0.196
angle_init: 0.000000

